x: dequeSize, y: cache hit
1 939
2 940
3 263
4 264
5 265
6 266
7 267
8 173
9 174
10 175
11 802
12 803
13 497
14 498
15 688
16 689
17 802
18 803
19 497
20 498
21 688
22 689
23 789
24 790
25 497
26 498
27 688
28 689
29 789
30 790
31 456
32 457
33 688
34 689
35 789
36 790
37 456
38 457
39 365
40 366
41 789
42 790
43 456
44 457
45 365
46 366
47 354
48 355
49 456
50 457
51 365
52 366
53 354
54 355
55 597
56 598
57 365
58 366
59 354
60 355
61 597
62 598
63 192
64 193
65 354
66 355
67 597
68 598
69 192
70 193
71 481
72 482
73 597
74 598
75 192
76 193
77 481
78 482
79 308
80 309
81 192
82 193
83 481
84 482
85 308
86 309
87 601
88 602
89 481
90 482
91 308
92 309
93 601
94 602
95 810
96 811
97 308
98 309
99 601
100 602
101 810
102 811
103 373
104 374
105 375
106 376
107 377
108 378
109 379
110 380
111 381
112 382
113 383
114 384
115 385
116 601
117 602
118 810
119 811
120 373
121 374
122 375
123 376
124 377
125 378
126 379
127 380
128 381
129 382
130 383
131 384
132 385
133 172
134 173
135 810
136 811
137 373
138 374
139 375
140 376
141 377
142 378
143 379
144 380
145 381
146 382
147 383
148 384
149 385
150 172
151 173
152 973
153 974
154 373
155 374
156 375
157 376
158 377
159 378
160 379
161 380
162 381
163 382
164 383
165 384
166 385
167 172
168 173
169 973
170 974
171 758
172 759
173 172
174 173
175 973
176 974
177 758
178 759
179 413
180 414
181 973
182 974
183 758
184 759
185 413
186 414
187 684
188 685
189 758
190 759
191 413
192 414
193 684
194 685
195 557
196 558
197 413
198 414
199 684
200 685
201 557
202 558
203 428
204 429
205 684
206 685
207 557
208 558
209 428
210 429
211 727
212 728
213 557
214 558
215 428
216 429
217 727
218 728
219 671
220 672
221 673
222 428
223 429
224 727
225 728
226 671
227 672
228 673
229 55
230 56
231 57
232 58
233 59
234 60
235 61
236 62
237 63
238 727
239 728
240 671
241 672
242 673
243 55
244 56
245 57
246 58
247 59
248 60
249 61
250 62
251 63
252 184
253 185
254 671
255 672
256 673
257 55
258 56
259 57
260 58
261 59
262 60
263 61
264 62
265 63
266 184
267 185
268 159
269 160
270 55
271 56
272 57
273 58
274 59
275 60
276 61
277 62
278 63
279 184
280 185
281 159
282 160
283 440
284 441
285 184
286 185
287 159
288 160
289 440
290 441
291 45
292 46
293 159
294 160
295 440
296 441
297 45
298 46
299 96
300 97
301 98
302 440
303 441
304 45
305 46
306 96
307 97
308 98
309 927
310 928
311 45
312 46
313 96
314 97
315 98
316 927
317 928
318 674
319 675
320 676
321 677
322 678
323 679
324 680
325 96
326 97
327 98
328 927
329 928
330 674
331 675
332 676
333 677
334 678
335 679
336 680
337 745
338 746
339 927
340 928
341 674
342 675
343 676
344 677
345 678
346 679
347 680
348 745
349 746
350 914
351 915
352 674
353 675
354 676
355 677
356 678
357 679
358 680
359 745
360 746
361 914
362 915
363 919
364 920
365 745
366 746
367 914
368 915
369 919
370 920
371 944
372 945
373 914
374 915
375 919
376 920
377 944
378 945
379 1005
380 1006
381 919
382 920
383 944
384 945
385 1005
386 1006
387 457
388 458
389 459
390 944
391 945
392 1005
393 1006
394 457
395 458
396 459
397 807
398 808
399 1005
400 1006
401 457
402 458
403 459
404 807
405 808
406 728
407 729
408 457
409 458
410 459
411 807
412 808
413 728
414 729
415 510
416 511
417 512
418 807
419 808
420 728
421 729
422 510
423 511
424 512
425 274
426 275
427 276
428 277
429 728
430 729
431 510
432 511
433 512
434 274
435 275
436 276
437 277
438 47
439 48
440 510
441 511
442 512
443 274
444 275
445 276
446 277
447 47
448 48
449 348
450 349
451 274
452 275
453 276
454 277
455 47
456 48
457 348
458 349
459 379
460 380
461 381
462 382
463 47
464 48
465 348
466 349
467 379
468 380
469 381
470 382
471 169
472 170
473 171
474 348
475 349
476 379
477 380
478 381
479 382
480 169
481 170
482 171
483 205
484 206
485 207
486 208
487 379
488 380
489 381
490 382
491 169
492 170
493 171
494 205
495 206
496 207
497 208
498 686
499 687
500 169
501 170
502 171
503 205
504 206
505 207
506 208
507 686
508 687
509 89
510 90
511 205
512 206
513 207
514 208
515 686
516 687
517 89
518 90
519 580
520 581
521 686
522 687
523 89
524 90
525 580
526 581
527 310
528 311
529 312
530 89
531 90
532 580
533 581
534 310
535 311
536 312
537 808
538 809
539 810
540 580
541 581
542 310
543 311
544 312
545 808
546 809
547 810
548 429
549 430
550 310
551 311
552 312
553 808
554 809
555 810
556 429
557 430
558 90
559 91
560 808
561 809
562 810
563 429
564 430
565 90
566 91
567 671
568 672
569 673
570 674
571 675
572 676
573 429
574 430
575 90
576 91
577 671
578 672
579 673
580 674
581 675
582 676
583 590
584 591
585 90
586 91
587 671
588 672
589 673
590 674
591 675
592 676
593 590
594 591
595 899
596 900
597 671
598 672
599 673
600 674
601 675
602 676
603 590
604 591
605 899
606 900
607 910
608 911
609 590
610 591
611 899
612 900
613 910
614 911
615 931
616 932
617 933
618 934
619 935
620 899
621 900
622 910
623 911
624 931
625 932
626 933
627 934
628 935
629 856
630 857
631 910
632 911
633 931
634 932
635 933
636 934
637 935
638 856
639 857
640 889
641 890
642 891
643 931
644 932
645 933
646 934
647 935
648 856
649 857
650 889
651 890
652 891
653 726
654 727
655 856
656 857
657 889
658 890
659 891
660 726
661 727
662 429
663 430
664 431
665 889
666 890
667 891
668 726
669 727
670 429
671 430
672 431
673 220
674 221
675 726
676 727
677 429
678 430
679 431
680 220
681 221
682 19
683 20
684 429
685 430
686 431
687 220
688 221
689 19
690 20
691 24
692 25
693 220
694 221
695 19
696 20
697 24
698 25
699 179
700 180
701 19
702 20
703 24
704 25
705 179
706 180
707 990
708 991
709 24
710 25
711 179
712 180
713 990
714 991
715 286
716 287
717 288
718 179
719 180
720 990
721 991
722 286
723 287
724 288
725 642
726 643
727 644
728 990
729 991
730 286
731 287
732 288
733 642
734 643
735 644
736 5
737 6
738 286
739 287
740 288
741 642
742 643
743 644
744 5
745 6
746 194
747 195
748 642
749 643
750 644
751 5
752 6
753 194
754 195
755 225
756 226
757 5
758 6
759 194
760 195
761 225
762 226
763 398
764 399
765 194
766 195
767 225
768 226
769 398
770 399
771 11
772 12
773 225
774 226
775 398
776 399
777 11
778 12
779 382
780 383
781 398
782 399
783 11
784 12
785 382
786 383
787 385
788 386
789 11
790 12
791 382
792 383
793 385
794 386
795 570
796 571
797 382
798 383
799 385
800 386
801 570
802 571
803 235
804 236
805 385
806 386
807 570
808 571
809 235
810 236
811 484
812 485
813 570
814 571
815 235
816 236
817 484
818 485
819 287
820 288
821 235
822 236
823 484
824 485
825 287
826 288
827 530
828 531
829 484
830 485
831 287
832 288
833 530
834 531
835 341
836 342
837 287
838 288
839 530
840 531
841 341
842 342
843 832
844 833
845 530
846 531
847 341
848 342
849 832
850 833
851 709
852 710
853 711
854 712
855 713
856 714
857 341
858 342
859 832
860 833
861 709
862 710
863 711
864 712
865 713
866 714
867 372
868 373
869 832
870 833
871 709
872 710
873 711
874 712
875 713
876 714
877 372
878 373
879 357
880 358
881 359
882 709
883 710
884 711
885 712
886 713
887 714
888 372
889 373
890 357
891 358
892 359
893 156
894 157
895 372
896 373
897 357
898 358
899 359
900 156
901 157
902 136
903 137
904 138
905 357
906 358
907 359
908 156
909 157
910 136
911 137
912 138
913 984
914 985
915 156
916 157
917 136
918 137
919 138
920 984
921 985
922 47
923 48
924 136
925 137
926 138
927 984
928 985
929 47
930 48
931 920
932 921
933 984
934 985
935 47
936 48
937 920
938 921
939 189
940 190
941 47
942 48
943 920
944 921
945 189
946 190
947 940
948 941
949 920
950 921
951 189
952 190
953 940
954 941
955 31
956 32
957 189
958 190
959 940
960 941
961 31
962 32
963 44
964 45
965 46
966 47
967 940
968 941
969 31
970 32
971 44
972 45
973 46
974 47
975 375
976 376
977 31
978 32
979 44
980 45
981 46
982 47
983 375
984 376
985 515
986 516
987 517
988 44
989 45
990 46
991 47
992 375
993 376
994 515
995 516
996 517
997 719
998 720
999 375
1000 376
