x: filesize, y: nothing
2.05817 2.05817
3.95285 1.89468
5.05748 1.10463
6.28112 1.22364
7.8947 1.61358
9.16286 1.26815
10.8685 1.70567
12.1185 1.24997
13.5218 1.40334
14.8329 1.31103
15.9532 1.12033
17.1176 1.16439
18.394 1.27637
19.4569 1.06292
31.6292 12.1723
33.023 1.3938
34.2117 1.18868
36.0029 1.79122
37.6166 1.6137
38.862 1.24546
40.2424 1.38032
41.601 1.35868
43.1816 1.58052
45.193 2.01141
54.167 8.97398
56.1079 1.94098
57.1163 1.00832
58.3943 1.27803
59.8799 1.48561
62.6158 2.73595
64.3231 1.70723
71.0419 6.71887
72.6841 1.64213
74.3131 1.62898
75.3175 1.00442
76.5821 1.26461
77.8629 1.28084
80.2718 2.40885
81.2837 1.01191
82.6142 1.33051
84.7213 2.10711
88.144 3.42265
89.44 1.296
90.5472 1.10722
94.0344 3.48721
96.5004 2.46605
99.7413 3.24083
101.263 1.52154
103.106 1.8435
104.496 1.38977
107.185 2.68881
109.69 2.50499
110.744 1.05373
112.236 1.49203
117.313 5.07733
118.588 1.27541
120.134 1.54545
121.574 1.44006
126.573 4.99894
128.007 1.43445
130.487 2.47968
131.572 1.08517
134.174 2.60158
135.655 1.48146
137.114 1.45915
139.021 1.90663
140.896 1.87494
142.013 1.11706
144.126 2.11275
146.868 2.74198
147.999 1.13182
149.068 1.06823
150.837 1.7695
152.663 1.82597
154.124 1.46097
155.165 1.04131
156.191 1.02575
158.046 1.85435
159.103 1.05753
160.146 1.04315
161.216 1.06954
162.631 1.41539
164.187 1.55571
165.724 1.53703
171.342 5.61848
172.61 1.26782
174.93 2.31942
176.221 1.29132
178.643 2.42205
179.936 1.29285
181.657 1.72126
182.713 1.05572
184.382 1.66915
185.636 1.25367
186.754 1.11861
190.418 3.66345
191.788 1.37012
194.27 2.48174
195.566 1.29649
196.944 1.37772
198.412 1.4681
199.555 1.1432
200.856 1.30091
203.768 2.91186
204.89 1.12208
206.356 1.46592
207.37 1.01435
208.386 1.01542
215.247 6.86164
216.308 1.06066
217.328 1.01991
218.374 1.046
219.686 1.31251
222.1 2.414
223.449 1.34895
224.79 1.34085
226.348 1.55743
227.566 1.21861
229.578 2.01216
232.081 2.50278
233.317 1.23599
234.415 1.0976
237.219 2.80403
238.338 1.11963
240.022 1.68395
241.2 1.17768
242.417 1.21676
243.859 1.44197
245.611 1.75233
247.962 2.35119
250.151 2.18824
252.33 2.17984
253.642 1.31144
255.011 1.36936
256.075 1.06414
258.564 2.48902
259.607 1.04286
261.515 1.90819
262.861 1.34595
264.353 1.49162
265.63 1.27704
267.499 1.86857
268.501 1.00245
270.838 2.33655
272.629 1.79114
274.202 1.57365
276.096 1.89325
277.246 1.15011
278.591 1.34559
280.136 1.54481
282.067 1.93123
283.38 1.31266
284.762 1.38208
285.849 1.08649
287.196 1.34752
288.377 1.18066
289.392 1.0153
294.916 5.52402
296.757 1.84047
299.839 3.08281
301.462 1.62236
302.994 1.5321
304.11 1.11588
305.827 1.7171
306.915 1.0884
310.001 3.0862
311.138 1.13698
313.338 2.20012
315.422 2.0834
316.492 1.06972
317.845 1.35356
319.37 1.52507
320.706 1.33589
322.101 1.39447
323.195 1.09471
324.961 1.76527
326.129 1.16879
333.643 7.51411
334.819 1.1755
336.649 1.82985
337.66 1.01156
338.727 1.06708
339.761 1.03366
341.211 1.44984
342.41 1.19921
343.548 1.13803
344.798 1.24954
345.942 1.14389
347.286 1.34454
349.5 2.21416
351.274 1.77387
353.479 2.20443
354.482 1.00377
355.51 1.02804
357.009 1.49873
358.455 1.44632
359.822 1.36664
361.51 1.68793
368.713 7.20307
369.844 1.13125
371.221 1.37641
372.298 1.07685
374.648 2.35044
375.986 1.33813
378.156 2.16945
379.962 1.80639
381.438 1.47602
382.593 1.15495
384.513 1.92004
385.639 1.12629
387.227 1.58815
388.59 1.36296
390.683 2.0928
392.596 1.91305
393.912 1.31569
395.039 1.12667
396.72 1.68116
399.071 2.35104
400.84 1.76936
402.106 1.26544
403.127 1.02093
404.451 1.3243
405.808 1.35691
406.88 1.07263
408.984 2.10349
410.144 1.16013
411.442 1.29829
413.366 1.92349
414.39 1.02372
416.092 1.70218
423.587 7.49532
424.748 1.16093
425.815 1.06698
427.664 1.84922
428.982 1.31776
433.057 4.07483
434.573 1.51635
437.733 3.1601
438.739 1.00555
439.917 1.17844
442.747 2.83027
444.249 1.50115
446.48 2.2317
447.53 1.0499
448.607 1.07694
454.428 5.82113
456.918 2.49002
458.046 1.12748
459.073 1.02693
462.198 3.12519
463.777 1.57883
465.11 1.33352
466.444 1.33388
468.868 2.42432
469.916 1.04729
479.891 9.97503
480.94 1.04905
482.079 1.13874
485.305 3.22607
486.817 1.51239
488.369 1.5522
490.026 1.65655
491.139 1.11293
493.054 1.91576
494.33 1.27601
495.553 1.22208
496.716 1.16302
497.879 1.16361
499.161 1.2818
504.465 5.30369
505.673 1.20801
507.466 1.79348
509.451 1.98488
510.677 1.22596
512.201 1.52377
513.246 1.045
514.734 1.4885
515.87 1.13551
517.71 1.84038
521.474 3.76343
523.746 2.27284
531.078 7.33115
532.38 1.30196
533.922 1.54256
535.923 2.00083
537.081 1.15808
538.488 1.40747
540.13 1.64127
541.385 1.2555
542.418 1.03224
544.694 2.27625
545.827 1.13358
547.835 2.00725
548.895 1.06064
552.766 3.87033
553.828 1.06285
555.561 1.73299
556.586 1.02468
557.91 1.32353
558.922 1.01277
560.182 1.25961
561.205 1.02271
562.231 1.02634
563.758 1.52688
565.37 1.61185
568.751 3.38146
569.89 1.13896
572.452 2.56177
573.761 1.30888
575.468 1.70727
577.559 2.09099
578.888 1.32916
582.656 3.7678
583.731 1.07536
585.174 1.44252
586.445 1.27128
587.975 1.53013
589.137 1.16123
590.492 1.35564
591.874 1.38194
593.019 1.14507
596.09 3.07123
597.485 1.39478
599.904 2.41902
601.023 1.11842
602.312 1.28897
605.254 2.94269
606.796 1.54173
607.851 1.05515
609.196 1.34511
610.274 1.07789
611.445 1.17124
612.493 1.04711
614.058 1.56509
615.816 1.75871
616.928 1.11166
626.742 9.81431
628.575 1.83303
630.411 1.83601
632.289 1.87721
633.365 1.07647
634.507 1.14195
635.591 1.08372
636.968 1.37691
638.069 1.10094
643.927 5.8585
645.265 1.33805
647.793 2.52789
656.233 8.43983
658.04 1.80744
659.637 1.59683
660.712 1.0744
662.257 1.54562
665.633 3.37571
669.173 3.53979
670.496 1.32345
672.021 1.52451
673.623 1.60198
674.669 1.04622
679.258 4.589
680.767 1.5095
682.494 1.727
684.353 1.85829
685.716 1.3629
687.334 1.61839
688.582 1.24837
690.011 1.4287
698.23 8.21875
699.835 1.605
700.928 1.09338
702.381 1.45251
706.657 4.27684
707.707 1.04923
709.581 1.87399
710.781 1.20048
712.145 1.36397
713.161 1.01577
714.844 1.68267
717.08 2.23634
718.36 1.28011
719.857 1.49697
721.713 1.85576
723.059 1.34601
724.322 1.2635
725.747 1.42431
726.986 1.23945
728.807 1.82095
737.878 9.07077
739.268 1.3898
740.978 1.71066
745 4.02162
746.953 1.95268
748.644 1.69118
749.916 1.27187
751.442 1.52686
752.831 1.38815
754.269 1.43885
755.551 1.2813
757.466 1.91554
758.979 1.51275
760.337 1.35843
762.586 2.24832
765.09 2.50452
766.954 1.86357
768.633 1.67885
770.353 1.72039
771.392 1.03863
772.796 1.40446
774.685 1.88847
777.443 2.75815
778.663 1.2203
781.386 2.72239
782.603 1.21714
784.608 2.00516
785.832 1.22429
786.911 1.07881
788.159 1.24799
789.551 1.39223
790.561 1.00952
791.845 1.28408
793.328 1.4833
794.482 1.15418
795.599 1.11699
796.659 1.06007
798.514 1.85441
800.921 2.40777
802.083 1.16183
803.739 1.65582
806.131 2.39163
807.148 1.0172
808.403 1.25477
810.244 1.84086
812.202 1.95854
813.301 1.09861
814.592 1.29082
815.655 1.06323
816.738 1.08289
818.062 1.32413
819.723 1.66101
820.94 1.21741
822.057 1.11682
825.05 2.99315
827.817 2.76697
829.286 1.46873
831.731 2.44497
833.241 1.51
834.625 1.38398
836.118 1.49364
837.982 1.8635
839.658 1.6757
841.45 1.79237
842.806 1.35583
844.047 1.24135
847.032 2.98471
855.319 8.28736
858.785 3.46541
861.09 2.30488
863.21 2.12014
864.525 1.31549
866.221 1.69569
867.257 1.03587
870.965 3.70816
872.175 1.21057
873.429 1.25331
876.601 3.17219
879.389 2.7879
880.907 1.51789
882.009 1.1018
885.831 3.82287
886.929 1.09799
888.416 1.48655
889.699 1.2827
890.789 1.08985
892.211 1.42206
893.475 1.26472
894.525 1.04983
895.576 1.05084
896.68 1.10396
901.579 4.8992
904.666 3.08683
905.938 1.27177
907.057 1.1193
908.126 1.06915
911.408 3.28169
912.788 1.38011
915.613 2.82507
917.728 2.11475
919.486 1.75809
921.555 2.0695
923.054 1.49826
925.389 2.3353
927.161 1.77242
928.32 1.15879
929.325 1.00502
930.557 1.23144
932.279 1.72214
933.904 1.62569
935.393 1.48852
936.597 1.20433
939.077 2.47948
940.286 1.20954
942.743 2.45677
944.6 1.85664
946.829 2.22887
947.841 1.01259
948.876 1.03472
952.14 3.26439
953.818 1.67721
955.423 1.60523
959.566 4.14294
961.418 1.85235
963.064 1.64613
964.37 1.30606
965.91 1.53977
967.155 1.24452
968.446 1.29164
969.83 1.38375
971.032 1.2023
972.332 1.29987
973.875 1.54329
974.939 1.06376
975.953 1.01429
977.156 1.20279
978.347 1.19124
981.245 2.89714
982.683 1.43791
983.707 1.02478
986.862 3.15437
989.194 2.33275
992.313 3.11864
993.441 1.12829
998.661 5.22008
1000.25 1.59018
