x: categories size, y: cache hit
10 0.142
11 0.145069
12 0.118
13 0.123288
14 0.119452
15 0.145798
16 0.131
17 0.0945716
18 0.142115
19 0.149755
20 0.1396
21 0.12006
22 0.109347
23 0.152078
24 0.1099
25 0.164453
26 0.138972
27 0.154499
28 0.13294
29 0.135186
30 0.116913
31 0.14019
32 0.108127
33 0.12179
34 0.151974
35 0.0939061
36 0.171058
37 0.0967516
38 0.105148
39 0.103551
40 0.1705
41 0.107324
42 0.10658
43 0.13216
44 0.128646
45 0.080801
46 0.0846292
47 0.162294
48 0.161841
49 0.0950816
50 0.0947211
51 0.0943603
52 0.083433
53 0.082868
54 0.099382
55 0.0994129
56 0.10002
57 0.159517
58 0.160507
59 0.159622
60 0.160124
61 0.151708
62 0.151404
63 0.151557
64 0.15217
65 0.114286
66 0.11432
67 0.114354
68 0.114388
69 0.0909272
70 0.0911806
71 0.0914513
72 0.0924
73 0.0927166
74 0.124975
75 0.124466
76 0.1249
77 0.124402
78 0.123907
79 0.150055
80 0.1499
81 0.148541
82 0.148372
83 0.148203
84 0.148034
85 0.147865
86 0.0974517
87 0.0977915
88 0.0981504
89 0.0985285
90 0.0899781
91 0.0813445
92 0.0815758
93 0.0819232
94 0.131463
95 0.131634
96 0.133061
97 0.124838
98 0.124975
99 0.11658
100 0.11668
101 0.117951
102 0.119257
103 0.078627
104 0.0782
105 0.0769612
106 0.0765255
107 0.076088
108 0.0756487
109 0.0743965
110 0.0739492
111 0.0735002
112 0.0730494
113 0.0725967
114 0.162335
115 0.159508
116 0.158503
117 0.15749
118 0.154639
119 0.153601
120 0.152556
121 0.149688
122 0.148619
123 0.147543
124 0.144664
125 0.143565
126 0.142459
127 0.141346
128 0.138647
129 0.087924
130 0.0879327
131 0.0879414
132 0.0879501
133 0.0879588
134 0.0879675
135 0.0879762
136 0.087985
137 0.0879937
138 0.0880024
139 0.0880111
140 0.0880198
141 0.0880285
142 0.0880372
143 0.088046
144 0.0880547
145 0.0880634
146 0.0880721
147 0.0880372
148 0.087985
149 0.0879327
150 0.0878806
151 0.0888645
152 0.088758
153 0.0886518
154 0.0885458
155 0.0884401
156 0.0883347
157 0.0882295
158 0.0881245
159 0.0880198
160 0.0879153
161 0.0878111
162 0.0877072
163 0.0876035
164 0.0875
165 0.0888378
166 0.0887403
167 0.0886429
168 0.0885458
169 0.0884489
170 0.0883522
171 0.214165
172 0.213424
173 0.212688
174 0.215641
175 0.214911
176 0.214187
177 0.213466
178 0.212751
179 0.215835
180 0.215126
181 0.21442
182 0.21372
183 0.213024
184 0.212333
185 0.215555
186 0.214869
187 0.214187
188 0.213509
189 0.212835
190 0.212166
191 0.202855
192 0.202229
193 0.201607
194 0.200989
195 0.200375
196 0.199764
197 0.190386
198 0.189817
199 0.189251
200 0.188689
201 0.18813
202 0.187574
203 0.187021
204 0.177587
205 0.0632659
206 0.0632092
207 0.0631527
208 0.0630962
209 0.0630398
210 0.0629835
211 0.0629274
212 0.0628713
213 0.0628153
214 0.0627594
215 0.0627037
216 0.062648
217 0.0625924
218 0.0625369
219 0.0624816
220 0.0624263
221 0.0623711
222 0.062316
223 0.062261
224 0.0622061
225 0.0621513
226 0.0635
227 0.0634492
228 0.0633986
229 0.063348
230 0.0632974
231 0.063247
232 0.0631967
233 0.0631464
234 0.0630962
235 0.0630461
236 0.062996
237 0.0629461
238 0.0628962
239 0.0628464
240 0.0627967
241 0.062747
242 0.0626975
243 0.062648
244 0.0625986
245 0.0625493
246 0.0625
247 0.0624508
248 0.0624017
249 0.0623527
250 0.0623038
251 0.0622549
252 0.0622061
253 0.0621574
254 0.0621088
255 0.0620602
256 0.0620117
257 0.11422
258 0.113958
259 0.113697
260 0.113438
261 0.11318
262 0.112922
263 0.112666
264 0.112411
265 0.112158
266 0.111905
267 0.111654
268 0.111404
269 0.11414
270 0.11389
271 0.113641
272 0.113393
273 0.113146
274 0.1129
275 0.112655
276 0.112411
277 0.112169
278 0.111927
279 0.111687
280 0.111447
281 0.111208
282 0.114095
283 0.113856
284 0.113618
285 0.113382
286 0.113146
287 0.112911
288 0.112677
289 0.112445
290 0.112213
291 0.111982
292 0.111752
293 0.111523
294 0.111295
295 0.111068
296 0.114117
297 0.11389
298 0.113663
299 0.113438
300 0.113213
301 0.112989
302 0.114095
303 0.113833
304 0.113573
305 0.113314
306 0.114254
307 0.113958
308 0.113663
309 0.11337
310 0.113079
311 0.112789
312 0.1125
313 0.112213
314 0.111927
315 0.111643
316 0.11136
317 0.111079
318 0.110799
319 0.101367
320 0.101115
321 0.100864
322 0.100614
323 0.100366
324 0.100118
325 0.0998722
326 0.0996274
327 0.0993837
328 0.0991413
329 0.0989
330 0.0986599
331 0.098421
332 0.088758
333 0.0885458
334 0.0883347
335 0.0881245
336 0.0879153
337 0.0877072
338 0.0875
339 0.0872938
340 0.0870886
341 0.086982
342 0.198709
343 0.199118
344 0.199529
345 0.199941
346 0.200355
347 0.200771
348 0.201188
349 0.201607
350 0.202028
351 0.202451
352 0.202875
353 0.196366
354 0.196747
355 0.197128
356 0.197512
357 0.197896
358 0.198283
359 0.19867
360 0.19906
361 0.19945
362 0.199843
363 0.200236
364 0.200632
365 0.201029
366 0.201427
367 0.201828
368 0.202229
369 0.202633
370 0.203038
371 0.196158
372 0.196518
373 0.19688
374 0.197243
375 0.197608
376 0.197973
377 0.198341
378 0.198709
379 0.199079
380 0.19945
381 0.199823
382 0.200197
383 0.200573
384 0.200949
385 0.201328
386 0.201707
387 0.202089
388 0.202471
389 0.202855
390 0.210799
391 0.211232
392 0.211667
393 0.212103
394 0.212542
395 0.212982
396 0.213424
397 0.213868
398 0.214314
399 0.214762
400 0.215211
401 0.215663
402 0.207756
403 0.208157
404 0.208559
405 0.208962
406 0.209368
407 0.209775
408 0.210183
409 0.210593
410 0.211005
411 0.211418
412 0.211833
413 0.212249
414 0.212667
415 0.213087
416 0.213509
417 0.213932
418 0.214357
419 0.214783
420 0.215211
421 0.215641
422 0.207317
423 0.207696
424 0.208076
425 0.208458
426 0.208841
427 0.209226
428 0.209612
429 0.209999
430 0.210388
431 0.210778
432 0.21117
433 0.211563
434 0.211958
435 0.212354
436 0.212751
437 0.21315
438 0.213551
439 0.213953
440 0.214357
441 0.214762
442 0.215168
443 0.215577
444 0.206801
445 0.207158
446 0.207516
447 0.207876
448 0.208719
449 0.207923
450 0.207123
451 0.206322
452 0.205517
453 0.204709
454 0.203899
455 0.203085
456 0.202269
457 0.20145
458 0.200628
459 0.199803
460 0.198976
461 0.198145
462 0.197311
463 0.196475
464 0.195635
465 0.194792
466 0.193947
467 0.193098
468 0.192246
469 0.182809
470 0.181957
471 0.181103
472 0.180246
473 0.179386
474 0.178523
475 0.177658
476 0.176789
477 0.175918
478 0.175044
479 0.174167
480 0.173287
481 0.172404
482 0.171518
483 0.170629
484 0.169737
485 0.168843
486 0.167945
487 0.167044
488 0.16614
489 0.165234
490 0.164324
491 0.163411
492 0.162495
493 0.161576
494 0.160654
495 0.159728
496 0.1588
497 0.150382
498 0.149465
499 0.148545
500 0.147623
501 0.146697
502 0.145769
503 0.144838
504 0.143904
505 0.142968
506 0.142028
507 0.141085
508 0.14014
509 0.139191
510 0.13824
511 0.137285
512 0.136426
513 0.148741
514 0.148654
515 0.148567
516 0.14848
517 0.148393
518 0.148307
519 0.14822
520 0.148134
521 0.148047
522 0.147961
523 0.147875
524 0.147789
525 0.147703
526 0.147617
527 0.147531
528 0.147446
529 0.14736
530 0.147275
531 0.147189
532 0.147104
533 0.147019
534 0.146934
535 0.146849
536 0.146764
537 0.146679
538 0.146595
539 0.14651
540 0.146426
541 0.146341
542 0.146257
543 0.146173
544 0.146089
545 0.146005
546 0.145921
547 0.145837
548 0.145754
549 0.14567
550 0.145587
551 0.145503
552 0.14542
553 0.145337
554 0.145254
555 0.145171
556 0.145088
557 0.145005
558 0.144922
559 0.144839
560 0.144757
561 0.144674
562 0.144592
563 0.14451
564 0.144428
565 0.144346
566 0.144264
567 0.139658
568 0.139588
569 0.139519
570 0.139449
571 0.139379
572 0.13931
573 0.139241
574 0.139171
575 0.139102
576 0.139033
577 0.138963
578 0.138894
579 0.138825
580 0.138756
581 0.138688
582 0.138619
583 0.13855
584 0.138481
585 0.138413
586 0.138344
587 0.138276
588 0.138207
589 0.138139
590 0.138071
591 0.138003
592 0.137934
593 0.137866
594 0.137798
595 0.13773
596 0.137663
597 0.137595
598 0.137527
599 0.137459
600 0.137392
601 0.137324
602 0.137257
603 0.137189
604 0.137122
605 0.137055
606 0.136988
607 0.136921
608 0.136853
609 0.136786
610 0.13672
611 0.136653
612 0.136586
613 0.136519
614 0.136452
615 0.136386
616 0.136319
617 0.136253
618 0.136186
619 0.13612
620 0.136054
621 0.135988
622 0.135921
623 0.135855
624 0.135789
625 0.135723
626 0.135657
627 0.135592
628 0.135526
629 0.13546
630 0.135394
631 0.135329
632 0.135263
633 0.135198
634 0.135133
635 0.135067
636 0.135002
637 0.134937
638 0.134872
639 0.134807
640 0.134742
641 0.134677
642 0.134612
643 0.134547
644 0.134482
645 0.134417
646 0.134353
647 0.134288
648 0.134224
649 0.134159
650 0.134095
651 0.134031
652 0.133966
653 0.133902
654 0.133838
655 0.133774
656 0.13371
657 0.133646
658 0.133582
659 0.133518
660 0.133454
661 0.133391
662 0.133327
663 0.133263
664 0.1332
665 0.133136
666 0.133073
667 0.13301
668 0.132946
669 0.132883
670 0.13282
671 0.132757
672 0.132694
673 0.132631
674 0.132568
675 0.132505
676 0.132442
677 0.132379
678 0.132317
679 0.132254
680 0.132192
681 0.132129
682 0.132067
683 0.132004
684 0.131942
685 0.13188
686 0.131817
687 0.131755
688 0.131693
689 0.131631
690 0.131569
691 0.131507
692 0.131445
693 0.131383
694 0.131322
695 0.13126
696 0.131198
697 0.131137
698 0.131075
699 0.131014
700 0.130952
701 0.130891
702 0.13083
703 0.130769
704 0.130707
705 0.130646
706 0.130585
707 0.130524
708 0.127
709 0.126949
710 0.126898
711 0.126848
712 0.126797
713 0.126747
714 0.126696
715 0.126645
716 0.126595
717 0.126544
718 0.126494
719 0.126444
720 0.126393
721 0.126343
722 0.126293
723 0.126243
724 0.126192
725 0.126142
726 0.126092
727 0.126042
728 0.125992
729 0.125942
730 0.125892
731 0.125842
732 0.125792
733 0.125743
734 0.125693
735 0.125643
736 0.125593
737 0.125544
738 0.125494
739 0.125444
740 0.125395
741 0.125345
742 0.125296
743 0.125247
744 0.125197
745 0.125148
746 0.125099
747 0.125049
748 0.125
749 0.124951
750 0.124902
751 0.124853
752 0.124803
753 0.124754
754 0.124705
755 0.124656
756 0.124608
757 0.124559
758 0.12451
759 0.124461
760 0.124412
761 0.124363
762 0.124315
763 0.124266
764 0.124218
765 0.124169
766 0.12412
767 0.124072
768 0.124023
769 0.123975
770 0.123927
771 0.123878
772 0.126949
773 0.126886
774 0.126822
775 0.126759
776 0.126696
777 0.126633
778 0.12657
779 0.126507
780 0.126444
781 0.126381
782 0.126318
783 0.126255
784 0.126192
785 0.12613
786 0.126067
787 0.126005
788 0.125942
789 0.12588
790 0.125817
791 0.125755
792 0.125693
793 0.125631
794 0.125569
795 0.125506
796 0.125444
797 0.125383
798 0.125321
799 0.125259
800 0.125197
801 0.125135
802 0.125074
803 0.125012
804 0.124951
805 0.124889
806 0.124828
807 0.124767
808 0.124705
809 0.124644
810 0.124583
811 0.124522
812 0.124461
813 0.1244
814 0.126949
815 0.126873
816 0.126797
817 0.126721
818 0.126645
819 0.12657
820 0.126494
821 0.126418
822 0.126343
823 0.126268
824 0.126192
825 0.126117
826 0.126042
827 0.125967
828 0.125892
829 0.125817
830 0.125743
831 0.125668
832 0.125593
833 0.125519
834 0.125444
835 0.12537
836 0.125296
837 0.125222
838 0.125148
839 0.125074
840 0.125
841 0.124926
842 0.124853
843 0.124779
844 0.124705
845 0.124632
846 0.124559
847 0.124485
848 0.124412
849 0.124339
850 0.124266
851 0.124193
852 0.12412
853 0.124048
854 0.123975
855 0.123902
856 0.12383
857 0.123758
858 0.123685
859 0.123613
860 0.123541
861 0.123469
862 0.123397
863 0.123325
864 0.123253
865 0.123181
866 0.12311
867 0.123038
868 0.122967
869 0.122895
870 0.122824
871 0.122753
872 0.122682
873 0.122611
874 0.12254
875 0.122469
876 0.122398
877 0.122327
878 0.122256
879 0.122186
880 0.122115
881 0.122045
882 0.121975
883 0.121904
884 0.121834
885 0.121764
886 0.121694
887 0.121624
888 0.121554
889 0.121485
890 0.121415
891 0.121345
892 0.121276
893 0.121206
894 0.121137
895 0.121068
896 0.120998
897 0.120929
898 0.12086
899 0.120791
900 0.120722
901 0.120654
902 0.120585
903 0.120516
904 0.120448
905 0.120379
906 0.120311
907 0.120242
908 0.120174
909 0.120106
910 0.120038
911 0.11997
912 0.119902
913 0.119834
914 0.119766
915 0.119698
916 0.119631
917 0.119563
918 0.119496
919 0.119428
920 0.119361
921 0.119294
922 0.119226
923 0.119159
924 0.119092
925 0.119025
926 0.118958
927 0.118892
928 0.118825
929 0.118758
930 0.118692
931 0.118625
932 0.118559
933 0.118492
934 0.118426
935 0.11836
936 0.118294
937 0.118228
938 0.118162
939 0.118096
940 0.11803
941 0.117964
942 0.117898
943 0.117833
944 0.117767
945 0.117702
946 0.117636
947 0.117571
948 0.117506
949 0.11744
950 0.117375
951 0.11731
952 0.117245
953 0.11718
954 0.117115
955 0.117051
956 0.116986
957 0.116921
958 0.116857
959 0.116792
960 0.116728
961 0.116664
962 0.116599
963 0.116535
964 0.116471
965 0.116407
966 0.116343
967 0.116279
968 0.116215
969 0.116151
970 0.116088
971 0.116024
972 0.115961
973 0.115897
974 0.115834
975 0.11577
976 0.1143
977 0.114243
978 0.114186
979 0.114129
980 0.114072
981 0.114015
982 0.113958
983 0.113901
984 0.113845
985 0.113788
986 0.113731
987 0.113675
988 0.113618
989 0.113562
990 0.113505
991 0.113449
992 0.113393
993 0.113337
994 0.11328
995 0.113224
996 0.113168
997 0.113112
998 0.113056
999 0.113
1000 0.112945
1001 0.112889
1002 0.112833
1003 0.112778
1004 0.112722
1005 0.112666
1006 0.112611
1007 0.112555
1008 0.1125
1009 0.112445
1010 0.112389
1011 0.112334
1012 0.112279
1013 0.112224
1014 0.112169
1015 0.112114
1016 0.112059
1017 0.112004
1018 0.111949
1019 0.111894
1020 0.11184
1021 0.111785
1022 0.11173
1023 0.111871
