x: pareto alpha, y: cache hit
0.1 0.00712166
0.15 0.00440322
0.2 0.0612571
0.25 0.107496
0.3 0.0871142
0.35 0.0614035
0.4 0.0648236
0.45 0.0818253
0.5 0.0558832
0.55 0.0489826
0.6 0.0369522
0.65 0.082842
0.7 0.213834
0.75 0.325177
0.8 0.50035
0.85 0.535603
0.9 0.6413
0.95 0.692869
1 0.7565
1.05 0.779844
1.1 0.7909
1.15 0.7847
1.2 0.789127
1.25 0.7904
1.3 0.7884
1.35 0.789923
1.4 0.789221
1.45 0.787034
1.5 0.788342
1.55 0.7867
1.6 0.7909
1.65 0.7899
1.7 0.7956
1.75 0.792021
1.8 0.7907
1.85 0.792541
1.9 0.792362
1.95 0.793121
2 0.792721
2.05 0.792121
2.1 0.792142
2.15 0.792042
2.2 0.791221
2.25 0.7936
2.3 0.7921
2.35 0.79
2.4 0.7939
2.45 0.792362
2.5 0.7934
2.55 0.791221
2.6 0.7923
2.65 0.7932
2.7 0.7936
2.75 0.790921
2.8 0.7927
2.85 0.7924
2.9 0.7918
2.95 0.7922
3 0.791421
