1 0
17 0.0165967
33 0.0343931
49 0.0541892
65 0.0682863
81 0.079784
97 0.0957808
113 0.108478
129 0.121076
145 0.139272
161 0.157868
177 0.174565
193 0.189162
209 0.20066
225 0.217357
241 0.233753
257 0.246751
273 0.259948
289 0.271146
305 0.288342
321 0.309138
337 0.341732
353 0.361628
369 0.380924
385 0.395321
401 0.414017
417 0.430414
433 0.439012
449 0.453509
465 0.460408
481 0.477604
497 0.488802
513 0.504599
529 0.518996
545 0.533393
561 0.54949
577 0.566187
593 0.587483
609 0.609178
625 0.628274
641 0.638572
657 0.654869
673 0.674665
689 0.694261
705 0.712957
721 0.727255
737 0.737053
753 0.754749
769 0.767746
785 0.777145
801 0.793241
817 0.807039
833 0.821036
849 0.831234
865 0.835133
881 0.842232
897 0.85053
913 0.859528
929 0.866327
945 0.881024
961 0.885423
977 0.889322
993 0.892022
1009 0.89962
