x: cacheSize, y: cache hit
1 0
2 0.00169222
3 0.00338443
4 0.00507665
5 0.00676886
6 0.00846108
7 0.0101533
8 0.0118455
9 0.0135377
10 0.0152299
11 0.0169222
12 0.0186144
13 0.0203066
14 0.0219988
15 0.023691
16 0.0253832
17 0.0270755
18 0.0287677
19 0.0304599
20 0.0321521
21 0.0338443
22 0.0355365
23 0.0372287
24 0.038921
25 0.0406132
26 0.0423054
27 0.0439976
28 0.0456898
29 0.047382
30 0.0490743
31 0.0507665
32 0.0524587
33 0.0541509
34 0.0558431
35 0.0575353
36 0.0592276
37 0.0609198
38 0.062612
39 0.0643042
40 0.0659964
41 0.0676886
42 0.0693808
43 0.0710731
44 0.0727653
45 0.0744575
46 0.0761497
47 0.0778419
48 0.0795341
49 0.0812264
50 0.0829186
51 0.0846108
52 0.086303
53 0.0879952
54 0.0896874
55 0.0913797
56 0.0930719
57 0.0947641
58 0.0964563
59 0.0981485
60 0.0998407
61 0.101533
62 0.103225
63 0.104917
64 0.10661
65 0.108302
66 0.109994
67 0.111686
68 0.113378
69 0.115071
70 0.116763
71 0.118455
72 0.120147
73 0.12184
74 0.123532
75 0.125224
76 0.126916
77 0.128608
78 0.130301
79 0.131993
80 0.133685
81 0.135377
82 0.137069
83 0.138762
84 0.140454
85 0.142146
86 0.143838
87 0.145531
88 0.147223
89 0.148915
90 0.150607
91 0.152299
92 0.153992
93 0.155684
94 0.157376
95 0.159068
96 0.160761
97 0.162453
98 0.164145
99 0.165837
100 0.167529
101 0.169222
102 0.170914
103 0.172606
104 0.174298
105 0.17599
106 0.177683
107 0.179375
108 0.181067
109 0.182759
110 0.184452
111 0.186144
112 0.187836
113 0.189528
114 0.19122
115 0.192913
116 0.194605
117 0.196297
118 0.197989
119 0.199681
120 0.201374
121 0.203066
122 0.204758
123 0.20645
124 0.208143
125 0.209835
126 0.211527
127 0.213219
128 0.214911
129 0.216604
130 0.218296
131 0.219988
132 0.22168
133 0.223372
134 0.225065
135 0.226757
136 0.228449
137 0.230141
138 0.231834
139 0.233526
140 0.235218
141 0.23691
142 0.238602
143 0.240295
144 0.241987
145 0.243679
146 0.245371
147 0.247064
148 0.248756
149 0.250448
150 0.25214
151 0.253832
152 0.255525
153 0.257217
154 0.258909
155 0.260601
156 0.262293
157 0.263986
158 0.265678
159 0.26737
160 0.269062
161 0.270755
162 0.272447
163 0.274139
164 0.275831
165 0.277523
166 0.279216
167 0.280908
168 0.2826
169 0.284292
170 0.285984
171 0.287677
172 0.289369
173 0.291061
174 0.292753
175 0.295142
176 0.296038
177 0.296934
178 0.29783
179 0.298726
180 0.299622
181 0.300518
182 0.301413
183 0.302309
184 0.303205
185 0.304101
186 0.304997
187 0.305893
188 0.306789
189 0.307685
190 0.308581
191 0.309476
192 0.310372
193 0.311268
194 0.312164
195 0.31306
196 0.313956
197 0.314852
198 0.315748
199 0.316643
200 0.317539
201 0.318435
202 0.319331
203 0.320227
204 0.321123
205 0.322019
206 0.322915
207 0.32381
208 0.324706
209 0.325602
210 0.326498
211 0.327394
212 0.32829
213 0.329186
214 0.330082
215 0.330978
216 0.331873
217 0.332769
218 0.333665
219 0.334561
220 0.335457
221 0.336353
222 0.337249
223 0.338145
224 0.33904
225 0.339936
226 0.340832
227 0.341728
228 0.342624
229 0.34352
230 0.344416
231 0.345312
232 0.346207
233 0.347103
234 0.347999
235 0.348895
236 0.349791
237 0.350687
238 0.351583
239 0.352479
240 0.353374
241 0.35427
242 0.355166
243 0.356062
244 0.356958
245 0.357854
246 0.35875
247 0.359646
248 0.360542
249 0.361437
250 0.362333
251 0.363229
252 0.364125
253 0.365021
254 0.365917
255 0.366813
256 0.367709
257 0.368604
258 0.3695
259 0.370396
260 0.371292
261 0.372188
262 0.373084
263 0.37398
264 0.374876
265 0.375771
266 0.376667
267 0.377563
268 0.378459
269 0.379355
270 0.380251
271 0.381147
272 0.382043
273 0.382938
274 0.383834
275 0.38473
276 0.385626
277 0.386522
278 0.387418
279 0.388314
280 0.38921
281 0.390106
282 0.391001
283 0.391897
284 0.392793
285 0.393689
286 0.394585
287 0.395481
288 0.396377
289 0.397273
290 0.398168
291 0.399064
292 0.39996
293 0.400856
294 0.401752
295 0.402648
296 0.403544
297 0.40444
298 0.405335
299 0.406231
300 0.407127
301 0.408023
302 0.408919
303 0.409815
304 0.410711
305 0.411607
306 0.412502
307 0.413398
308 0.414294
309 0.41519
310 0.416086
311 0.416982
312 0.417878
313 0.418774
314 0.41967
315 0.420565
316 0.421461
317 0.422357
318 0.423253
319 0.424149
320 0.425045
321 0.425941
322 0.426837
323 0.427732
324 0.428628
325 0.429524
326 0.43042
327 0.431316
328 0.432212
329 0.433108
330 0.434004
331 0.434899
332 0.435795
333 0.436691
334 0.437587
335 0.438483
336 0.439379
337 0.440275
338 0.441171
339 0.442066
340 0.442962
341 0.443858
342 0.444754
343 0.44565
344 0.446546
345 0.447442
346 0.448338
347 0.449234
348 0.450129
349 0.451423
350 0.451921
351 0.452618
352 0.453315
353 0.454012
354 0.454708
355 0.455405
356 0.456102
357 0.456799
358 0.457496
359 0.458192
360 0.458889
361 0.459586
362 0.460283
363 0.460979
364 0.461676
365 0.462373
366 0.46307
367 0.463767
368 0.464463
369 0.46516
370 0.465857
371 0.466554
372 0.467251
373 0.467947
374 0.468644
375 0.469341
376 0.470038
377 0.470735
378 0.471431
379 0.472128
380 0.472825
381 0.473522
382 0.474219
383 0.474915
384 0.475612
385 0.476309
386 0.477006
387 0.477703
388 0.478399
389 0.479096
390 0.479793
391 0.48049
392 0.481187
393 0.481883
394 0.48258
395 0.483277
396 0.483974
397 0.484671
398 0.485367
399 0.486064
400 0.486761
401 0.487458
402 0.488154
403 0.488851
404 0.489548
405 0.490245
406 0.490942
407 0.491638
408 0.492335
409 0.493032
410 0.493729
411 0.494426
412 0.495122
413 0.495819
414 0.496516
415 0.497213
416 0.49791
417 0.498606
418 0.499303
419 0.5
420 0.500697
421 0.501394
422 0.50209
423 0.502787
424 0.503484
425 0.504181
426 0.504878
427 0.505574
428 0.506271
429 0.506968
430 0.507665
431 0.508362
432 0.509058
433 0.509755
434 0.510452
435 0.511149
436 0.511846
437 0.512542
438 0.513239
439 0.513936
440 0.514633
441 0.515329
442 0.516026
443 0.516723
444 0.51742
445 0.518117
446 0.518813
447 0.51951
448 0.520207
449 0.520904
450 0.521601
451 0.522297
452 0.522994
453 0.523691
454 0.524388
455 0.525085
456 0.525781
457 0.526478
458 0.527175
459 0.527872
460 0.528569
461 0.529265
462 0.529962
463 0.530659
464 0.531356
465 0.532053
466 0.532749
467 0.533446
468 0.534143
469 0.53484
470 0.535537
471 0.536233
472 0.53693
473 0.537627
474 0.538324
475 0.539021
476 0.539717
477 0.540414
478 0.541111
479 0.541808
480 0.542504
481 0.543201
482 0.543898
483 0.544595
484 0.545292
485 0.545988
486 0.546685
487 0.547382
488 0.548079
489 0.548776
490 0.549472
491 0.550169
492 0.550866
493 0.551563
494 0.55226
495 0.552956
496 0.553653
497 0.55435
498 0.555047
499 0.555744
500 0.55644
501 0.557137
502 0.557834
503 0.558531
504 0.559228
505 0.559924
506 0.560621
507 0.561318
508 0.562015
509 0.562712
510 0.563408
511 0.564105
512 0.564802
513 0.565499
514 0.566196
515 0.566892
516 0.567589
517 0.568286
518 0.568983
519 0.569679
520 0.570376
521 0.571073
522 0.57177
523 0.572467
524 0.573562
525 0.57396
526 0.574258
527 0.574557
528 0.574856
529 0.575154
530 0.575453
531 0.575752
532 0.57605
533 0.576349
534 0.576647
535 0.576946
536 0.577245
537 0.577543
538 0.577842
539 0.578141
540 0.578439
541 0.578738
542 0.579036
543 0.579335
544 0.579634
545 0.579932
546 0.580231
547 0.58053
548 0.580828
549 0.581127
550 0.581425
551 0.581724
552 0.582023
553 0.582321
554 0.58262
555 0.582919
556 0.583217
557 0.583516
558 0.583814
559 0.584113
560 0.584412
561 0.58471
562 0.585009
563 0.585308
564 0.585606
565 0.585905
566 0.586203
567 0.586502
568 0.586801
569 0.587099
570 0.587398
571 0.587697
572 0.587995
573 0.588294
574 0.588592
575 0.588891
576 0.58919
577 0.589488
578 0.589787
579 0.590086
580 0.590384
581 0.590683
582 0.590981
583 0.59128
584 0.591579
585 0.591877
586 0.592176
587 0.592475
588 0.592773
589 0.593072
590 0.59337
591 0.593669
592 0.593968
593 0.594266
594 0.594565
595 0.594864
596 0.595162
597 0.595461
598 0.59576
599 0.596058
600 0.596357
601 0.596655
602 0.596954
603 0.597253
604 0.597551
605 0.59785
606 0.598149
607 0.598447
608 0.598746
609 0.599044
610 0.599343
611 0.599642
612 0.59994
613 0.600239
614 0.600538
615 0.600836
616 0.601135
617 0.601433
618 0.601732
619 0.602031
620 0.602329
621 0.602628
622 0.602927
623 0.603225
624 0.603524
625 0.603822
626 0.604121
627 0.60442
628 0.604718
629 0.605017
630 0.605316
631 0.605614
632 0.605913
633 0.606211
634 0.60651
635 0.606809
636 0.607107
637 0.607406
638 0.607705
639 0.608003
640 0.608302
641 0.6086
642 0.608899
643 0.609198
644 0.609496
645 0.609795
646 0.610094
647 0.610392
648 0.610691
649 0.610989
650 0.611288
651 0.611587
652 0.611885
653 0.612184
654 0.612483
655 0.612781
656 0.61308
657 0.613378
658 0.613677
659 0.613976
660 0.614274
661 0.614573
662 0.614872
663 0.61517
664 0.615469
665 0.615767
666 0.616066
667 0.616365
668 0.616663
669 0.616962
670 0.617261
671 0.617559
672 0.617858
673 0.618356
674 0.618455
675 0.619351
676 0.620247
677 0.621143
678 0.622039
679 0.622935
680 0.62383
681 0.624726
682 0.625622
683 0.626518
684 0.627414
685 0.62831
686 0.629206
687 0.630102
688 0.630997
689 0.631893
690 0.632789
691 0.633685
692 0.634581
693 0.635477
694 0.636373
695 0.637269
696 0.638164
697 0.63906
698 0.639956
699 0.640852
700 0.641748
701 0.642644
702 0.64354
703 0.644436
704 0.645331
705 0.646227
706 0.647123
707 0.648019
708 0.648915
709 0.649811
710 0.650707
711 0.651603
712 0.652499
713 0.653394
714 0.65429
715 0.655186
716 0.656082
717 0.656978
718 0.657874
719 0.65877
720 0.659666
721 0.660561
722 0.661457
723 0.662353
724 0.663249
725 0.664145
726 0.665041
727 0.665937
728 0.666833
729 0.667728
730 0.668624
731 0.66952
732 0.670416
733 0.671312
734 0.672208
735 0.673104
736 0.674
737 0.674895
738 0.675791
739 0.676687
740 0.677583
741 0.678479
742 0.679375
743 0.680271
744 0.681167
745 0.682063
746 0.682958
747 0.683854
748 0.68475
749 0.685646
750 0.686542
751 0.687438
752 0.688334
753 0.68923
754 0.690125
755 0.691021
756 0.691917
757 0.692813
758 0.693709
759 0.694605
760 0.695501
761 0.696397
762 0.697292
763 0.698188
764 0.699084
765 0.69998
766 0.700876
767 0.701772
768 0.702668
769 0.703564
770 0.704459
771 0.705355
772 0.706251
773 0.707147
774 0.708043
775 0.708939
776 0.709835
777 0.710731
778 0.711627
779 0.712522
780 0.713418
781 0.714314
782 0.71521
783 0.716106
784 0.717002
785 0.717898
786 0.718794
787 0.719689
788 0.720585
789 0.721481
790 0.722377
791 0.723273
792 0.724169
793 0.725065
794 0.725961
795 0.726856
796 0.727752
797 0.728648
798 0.729544
799 0.73044
800 0.731336
801 0.732232
802 0.733128
803 0.734023
804 0.734919
805 0.735815
806 0.736711
807 0.737607
808 0.738503
809 0.739399
810 0.740295
811 0.741191
812 0.742086
813 0.742982
814 0.743878
815 0.744774
816 0.74567
817 0.746566
818 0.747462
819 0.748358
820 0.749253
821 0.750149
822 0.751045
823 0.751941
824 0.752837
825 0.753733
826 0.754629
827 0.755525
828 0.75642
829 0.757316
830 0.758212
831 0.759108
832 0.760004
833 0.7609
834 0.761796
835 0.762692
836 0.763587
837 0.764483
838 0.765379
839 0.766275
840 0.767171
841 0.768067
842 0.768963
843 0.769859
844 0.770755
845 0.77165
846 0.772546
847 0.773442
848 0.774836
849 0.775533
850 0.776229
851 0.776926
852 0.777623
853 0.77832
854 0.779017
855 0.779713
856 0.78041
857 0.781107
858 0.781804
859 0.7825
860 0.783197
861 0.783894
862 0.784591
863 0.785288
864 0.785984
865 0.786681
866 0.787378
867 0.788075
868 0.788772
869 0.789468
870 0.790165
871 0.790862
872 0.791559
873 0.792256
874 0.792952
875 0.793649
876 0.794346
877 0.795043
878 0.79574
879 0.796436
880 0.797133
881 0.79783
882 0.798527
883 0.799224
884 0.79992
885 0.800617
886 0.801314
887 0.802011
888 0.802708
889 0.803404
890 0.804101
891 0.804798
892 0.805495
893 0.806192
894 0.806888
895 0.807585
896 0.808282
897 0.808979
898 0.809675
899 0.810372
900 0.811069
901 0.811766
902 0.812463
903 0.813159
904 0.813856
905 0.814553
906 0.81525
907 0.815947
908 0.816643
909 0.81734
910 0.818037
911 0.818734
912 0.819431
913 0.820127
914 0.820824
915 0.821521
916 0.822218
917 0.822915
918 0.823611
919 0.824308
920 0.825005
921 0.825702
922 0.826399
923 0.827095
924 0.827792
925 0.828489
926 0.829186
927 0.829883
928 0.830579
929 0.831276
930 0.831973
931 0.83267
932 0.833367
933 0.834063
934 0.83476
935 0.835457
936 0.836154
937 0.83685
938 0.837547
939 0.838244
940 0.838941
941 0.839638
942 0.840334
943 0.841031
944 0.841728
945 0.842425
946 0.843122
947 0.843818
948 0.844515
949 0.845212
950 0.845909
951 0.846606
952 0.847302
953 0.847999
954 0.848696
955 0.849393
956 0.85009
957 0.850786
958 0.851483
959 0.85218
960 0.852877
961 0.853574
962 0.85427
963 0.854967
964 0.855664
965 0.856361
966 0.857058
967 0.857754
968 0.858451
969 0.859148
970 0.859845
971 0.860542
972 0.861238
973 0.861935
974 0.862632
975 0.863329
976 0.864025
977 0.864722
978 0.865419
979 0.866116
980 0.866813
981 0.867509
982 0.868206
983 0.868903
984 0.8696
985 0.870297
986 0.870993
987 0.87169
988 0.872387
989 0.873084
990 0.873781
991 0.874477
992 0.875174
993 0.875871
994 0.876568
995 0.877265
996 0.877961
997 0.878658
998 0.879355
999 0.880052
1000 0.880749
1001 0.881445
1002 0.882142
1003 0.882839
1004 0.883536
1005 0.884233
1006 0.884929
1007 0.885626
1008 0.886323
1009 0.88702
1010 0.887717
1011 0.888413
1012 0.88911
1013 0.889807
1014 0.890504
1015 0.8912
1016 0.891897
1017 0.892594
1018 0.893291
1019 0.893988
1020 0.894684
1021 0.895381
1022 0.896078
1023 0.896974
