Fermat's spiral with step = 0.5

0 0
-0 -0
0.620545 0.339005
-0.620545 -0.339005
0.540302 0.841471
-0.540302 -0.841471
0.086635 1.22168
-0.086635 -1.22168
-0.588521 1.28594
0.588521 -1.28594
-1.26672 0.946268
1.26672 -0.946268
-1.71472 0.244427
1.71472 -0.244427
-1.75195 -0.656255
1.75195 0.656255
-1.30729 -1.5136
1.30729 1.5136
-0.447165 -2.07365
0.447165 2.07365
0.634288 -2.14422
-0.634288 2.14422
1.66198 -1.65464
-1.66198 1.65464
2.35193 -0.684425
-2.35193 0.684425
2.48982 0.548451
-2.48982 -0.548451
1.99464 1.73822
-1.99464 -1.73822
0.9493 2.56882
-0.9493 -2.56882
-0.411536 2.79833
0.411536 -2.79833
-1.75515 2.32797
1.75515 -2.32797
-2.73339 1.23636
2.73339 -1.23636
-3.07349 -0.231631
3.07349 0.231631
-2.65338 -1.72035
2.65338 1.72035
-1.54092 -2.85054
1.54092 2.85054
0.0146784 -3.31659
-0.0146784 3.31659
1.63897 -2.9688
-1.63897 2.9688
2.9232 -1.85874
-2.9232 1.85874
3.52775 -0.234483
-3.52775 0.234483
