Fermat's spiral with step = 0.25

0 0
-0 -0
0.484456 0.123702
-0.484456 -0.123702
0.620545 0.339005
-0.620545 -0.339005
0.633661 0.590316
-0.633661 -0.590316
0.540302 0.841471
-0.540302 -0.841471
0.352541 1.061
-0.352541 -1.061
0.086635 1.22168
-0.086635 -1.22168
-0.235797 1.30169
0.235797 -1.30169
-0.588521 1.28594
0.588521 -1.28594
-0.94226 1.16711
0.94226 -1.16711
-1.26672 0.946268
1.26672 -0.946268
-1.53278 0.632913
1.53278 -0.632913
-1.71472 0.244427
1.71472 -0.244427
-1.79219 -0.195052
1.79219 0.195052
-1.75195 -0.656255
1.75195 0.656255
-1.58901 -1.10682
1.58901 1.10682
-1.30729 -1.5136
1.30729 1.5136
-0.919633 -1.84507
0.919633 1.84507
-0.447165 -2.07365
0.447165 2.07365
0.081952 -2.17791
-0.081952 2.17791
0.634288 -2.14422
-0.634288 2.14422
1.17334 -1.96807
-1.17334 1.96807
1.66198 -1.65464
-1.66198 1.65464
2.06507 -1.21881
-2.06507 1.21881
2.35193 -0.684425
-2.35193 0.684425
2.49862 -0.082948
-2.49862 0.082948
2.48982 0.548451
-2.48982 -0.548451
2.3201 1.16925
-2.3201 -1.16925
1.99464 1.73822
-1.99464 -1.73822
1.52918 2.21621
-1.52918 -2.21621
0.9493 2.56882
-0.9493 -2.56882
0.288951 2.76885
-0.288951 -2.76885
-0.411536 2.79833
0.411536 -2.79833
-1.10798 2.64998
1.10798 -2.64998
-1.75515 2.32797
1.75515 -2.32797
-2.30977 1.84796
2.30977 -1.84796
-2.73339 1.23636
2.73339 -1.23636
-2.99505 0.528864
2.99505 -0.528864
-3.07349 -0.231631
3.07349 0.231631
-2.95882 -0.997698
2.95882 0.997698
-2.65338 -1.72035
2.65338 1.72035
-2.17192 -2.35218
2.17192 2.35218
-1.54092 -2.85054
1.54092 2.85054
-0.797101 -3.18035
0.797101 3.18035
0.0146784 -3.31659
-0.0146784 3.31659
0.844193 -3.24613
-0.844193 3.24613
1.63897 -2.9688
-1.63897 2.9688
2.34762 -2.49774
-2.34762 2.49774
2.9232 -1.85874
-2.9232 1.85874
3.3263 -1.08892
-3.3263 1.08892
3.52775 -0.234483
-3.52775 0.234483
